7
0
5.199999999999998
1.8000000000000007
3.0000000000000018
1.3000000000000003
2.7000000000000015
12.099999999999975
2.100000000000001
2.300000000000001
1.9000000000000008
1.8000000000000007
1.7000000000000006
4.400000000000001
1.3000000000000003
1.9000000000000008
3.7000000000000024
-1.5000000000000002
0.40000000000000013
1.5000000000000004
9.699999999999983
2.8000000000000016
4.200000000000002
1.8000000000000007
1.9000000000000008
2.300000000000001
5.099999999999999
2.100000000000001
6.999999999999992
1.7000000000000006
-0.3999999999999999
1.3000000000000003
1.2000000000000002
9.399999999999984
-2.0000000000000004
4.100000000000002
2.5000000000000013
11.199999999999978
8.099999999999989
-0.09999999999999987
1.7000000000000006
1.5000000000000004
1.5000000000000004
3.0000000000000018
1.0
1.9000000000000008
1.1
1.0
1.0
1.0
1.0
1.0
1.0
1.0
6.599999999999993
3.400000000000002
3.100000000000002
1.3000000000000003
3.200000000000002
4.999999999999999
-1.3999999999999986
8.099999999999989
8.899999999999986
4.300000000000002
2.8000000000000016
-0.7999999999999998
1.8000000000000007
1.6000000000000005
0.8
1.0
1.0
0.8
-1.0999999999999999
-0.7999999999999998
1.5000000000000004
3.400000000000002
0.9
1.9000000000000108
2.5999999999999988
2.4000000000000017
4.099999999999998
-0.5999999999999999
-0.2999999999999998
2.1000000000000023
0.8
1.3000000000000003
3.0000000000000018
1.0
